aisle 1 top(2,1) bottom(2,5)
01(1,2) 12 34 03	
02(3,2) 33 11 01
03(1,3) 13 54 22
04(3,3) 25 09 12
05(1,4) 25 09 12
06(3,4) 25 09 12

aisle 2 top(6,1) bottom(6,5)
01(5,2) 12 34 03	
02(7,2) 10 -1 -1
03(5,3) 13 23 -1
04(7,3) 13 23 -1
05(5,4) 13 23 -1

aisle 3 top(4,7) bottom(4,10)
01(3,8) 12 34 03	
02(5,8) 10 -1 -1
03(3,9) 13 23 -1

aisle 4 top(8,7) bottom(8,11)
01(7,8) 12 34 03	
02(9,8) 33 11 01
03(7,9) 13 54 22
04(9,9) 25 09 12
05(7,10) 25 09 12
06(9,10) 25 09 12

aisle 5 top(10,3) bottom(15,3)
01(11,4) 12 34 03	
02(11,2) 33 11 01
03(12,4) 13 54 22
04(12,2) 25 09 12
05(13,4) 25 09 12
06(13,2) 25 09 12
07(14,4) 25 09 12
08(14,2) 25 09 12

aisle links:
1_bottom 2_bottom
1_top 2_top
1_bottom 3_top
3_top 4_top
3_bottom 4_bottom
3_top 2_bottom
4_top 2_bottom
4_top 5_top
debut(9, 0) 5_top