department 1 top(2,1) bottom(2,5)
01(1,2) 0 1 2
02(3,2) 3 4 -1
03(1,3) 5 6 7
04(3,3) 8 9 10
05(1,4) 11 12 13
06(3,4) 14 15 16

department 2 top(6,1) bottom(6,5)
01(5,2) 17 18 19
02(7,2) 20 -1 -1
03(5,3) 21 22 -1
04(7,3) 23 24 -1
05(5,4) 25 26 -1

department 3 top(4,7) bottom(4,10)
01(3,8) 27 28 29
02(5,8) 30 -1 -1
03(3,9) 31 32 -1

department 4 top(8,7) bottom(8,11)
01(7,8) 33 34 35
02(9,8) -1 -1 -1
03(7,9) 36 37 38
04(9,9) 39 40 41
05(7,10) 42 43 44
06(9,10) 45 46 47

department 5 top(10,3) bottom(15,3)
01(11,4) 48 49 50
02(11,2) -1 -1 -1
03(12,4) 51 52 53
04(12,2) 54 55 56
05(13,4) 57 58 59
06(13,2) 60 61 62
07(14,4) 63 64 65
08(14,2) 66 67 68

department 6 top(16,7) bottom(16,10)
01(15,8) -1 -1 -1
02(17,8) 69 -1 -1
03(15,9) -1 -1 -1

Entry:
start(9,0)

1_bottom 2_bottom
1_top 2_top
1_bottom 3_top
3_top 4_top
3_bottom 4_bottom
3_top 2_bottom
4_top 2_bottom
4_top 5_top
6_top 5_bottom
start 5_top
start 2_top